2012 1PR    0   T   T  16   2  12   T   0  30   2   0   0   0  13   T   8  59  99 191  60   5  35   0  94   1  11   0   0  44   T   T
2012 2PR    1   0   0   0   0   0   T  13  19  24   0   7   5  10   T  10  24   8   1  29   3  28   1  14  16   4   T  36  30   M   M
2012 3PR   34   T   T   0  25   1   0   0   0  23  14 103  21  55  83  10  16  10  15  43  77  11   0   0   T   2  14  10 109  52  61
2012 4PR    5   0  24  18  34   T   0   0   0   2  48   T   T   0  12  40  15   5  49   3   0   0   0  10  11  27   2   T   9  11   M
2012 5PR   12  11  76  13   T   0   0   0   0   0   0   0   0   0   0   0   0   0   0   7  35  30   1  31  15 103   T   T   0   0   3
2012 6PR    7   1   1  56  22   0  48  63   T   0   0  26   0   0   0   T   0  16   2   0   0   8  79  11   2  35   0   T   T  33   M
2012 7PR    2   1   T   0   0   0   0   0   0   0   0   0   0   0  11   0   0   0   3   4   0   0   0   0   0   0   T   0   0   0   0
2012 8PR    0   0   0   0   T   T   0   0   0   0   0   0   0   0   0   0   0   T   0   0   0   0   0   0   0   0   0   0   0   0   0
2012 9PR    0   0   0   0   0   0   0   0   0   4   0   0   0   0   0   0   0   0   0   T   T   0   0   0   0   0   0   0   0   0   M
201210PR    0   0   0   0   0   0   0   0   0   0   0 111   T  34  50   3   0   5  46  39  13  38  19   3   1   4  54  71  56  45  22
201211PR   28  15  17   T   4  10   T   T   0   0  53  65   T   0   0   0  76  56 186  49  45   0 112  20   0   0   0   4  29  54   M
201212PR   54  36  23 102   3   T   5  10   8   T  15  30   0  32  32  76  16   6  48 108   5  12  51   2  71  10   1   0   T   0   T